                                                  
                                                                                                                                                                                                                                                                
       DIST           DE_HF    DE_MULTI       DE_CI         DIP
     0.50000000    1.67D+05    1.50D+05   146843.76   5.43855513D-01
     0.54773869    1.10D+05    9.38D+04    89915.45   5.54834062D-01
     0.59547739    7.02D+04    5.38D+04    49752.25   5.67564431D-01
     0.64321608    4.18D+04    2.58D+04    21483.14   5.81706396D-01
     0.69095477    2.20D+04    6.16D+03     1749.04   5.96556236D-01
     0.73869347    8.21D+03   -7.31D+03   -11832.50   6.11381365D-01
     0.78643216   -1.13D+03   -1.64D+04   -20955.01   6.25498627D-01
     0.83417085   -7.25D+03   -2.22D+04   -26833.29   6.38323829D-01
     0.88190955   -1.10D+04   -2.57D+04   -30346.92   6.49378651D-01
     0.92964824   -1.31D+04   -2.75D+04   -32138.70   6.58277809D-01
     0.97738693   -1.40D+04   -2.81D+04   -32682.23   6.64707934D-01
     1.02512563   -1.40D+04   -2.78D+04   -32328.78   6.68405302D-01
     1.07286432   -1.34D+04   -2.69D+04   -31340.17   6.69138577D-01
     1.12060302   -1.24D+04   -2.56D+04   -29912.39   6.66700775D-01
     1.16834171   -1.12D+04   -2.40D+04   -28192.76   6.60911055D-01
     1.21608040   -9.93D+03   -2.22D+04   -26292.62   6.51624628D-01
     1.26381910   -8.62D+03   -2.04D+04   -24296.45   6.38747479D-01
     1.31155779   -7.38D+03   -1.86D+04   -22268.53   6.22255629D-01
     1.35929648   -6.24D+03   -1.68D+04   -20257.77   6.02210800D-01
     1.40703518   -5.23D+03   -1.50D+04   -18301.07   5.78854109D-01
     1.45477387   -4.36D+03   -1.34D+04   -16425.84   5.52261546D-01
     1.50251256   -3.62D+03   -1.18D+04   -14651.86   5.22871788D-01
     1.55025126   -3.00D+03   -1.04D+04   -12992.67   4.91120173D-01
     1.59798995   -2.48D+03   -9.11D+03   -11456.76   4.57537719D-01
     1.64572864   -2.05D+03   -7.93D+03   -10048.46   4.22653899D-01
     1.69346734   -1.70D+03   -6.87D+03    -8768.72   3.87099789D-01
     1.74120603   -1.40D+03   -5.93D+03    -7615.71   3.51496583D-01
     1.78894472   -1.16D+03   -5.09D+03    -6585.40   3.16457980D-01
     1.83668342   -9.58D+02   -4.36D+03    -5671.97   2.82546303D-01
     1.88442211   -7.92D+02   -3.72D+03    -4868.24   2.50252809D-01
     1.93216080   -6.55D+02   -3.17D+03    -4166.06   2.19972480D-01
     1.97989950   -5.42D+02   -2.70D+03    -3556.65   1.91990539D-01
     2.02763819   -4.49D+02   -2.29D+03    -3030.92   1.66479291D-01
     2.07537688   -3.72D+02   -1.94D+03    -2579.81   1.43504541D-01
     2.12311558   -3.09D+02   -1.65D+03    -2194.48   1.23040243D-01
     2.17085427   -2.57D+02   -1.40D+03    -1866.58   1.04987794D-01
     2.21859296   -2.14D+02   -1.19D+03    -1588.37   8.91966971D-02
     2.26633166   -1.79D+02   -1.01D+03    -1352.80   7.54839326D-02
     2.31407035   -1.50D+02   -8.59D+02    -1153.57   6.36503650D-02
     2.36180905   -1.26D+02   -7.33D+02     -985.14   5.34934848D-02
     2.40954774   -1.06D+02   -6.26D+02     -842.71   4.48165155D-02
     2.45728643   -9.00D+01   -5.36D+02     -722.13   3.74343422D-02
     2.50502513   -7.65D+01   -4.60D+02     -619.90   3.11769124D-02
     2.55276382   -6.51D+01   -3.95D+02     -533.07   2.58907746D-02
     2.60050251   -5.57D+01   -3.40D+02     -459.15   2.14393240D-02
     2.64824121   -4.78D+01   -2.92D+02     -396.10   1.77022197D-02
     2.69597990   -4.12D+01   -2.52D+02     -342.19   1.45744617D-02
     2.74371859   -3.56D+01   -2.18D+02     -296.02   1.19644297D-02
     2.79145729   -3.09D+01   -1.88D+02     -256.39   9.79323695D-03
     2.83919598   -2.69D+01   -1.63D+02     -222.34   7.99379177D-03
     2.88693467   -2.35D+01   -1.41D+02     -193.03   6.50749434D-03
     2.93467337   -2.06D+01   -1.22D+02     -167.77   5.28804082D-03
     2.98241206   -1.82D+01   -1.06D+02     -145.99   4.28537998D-03
     3.03015075   -1.61D+01   -9.22D+01     -127.18   3.46735325D-03
     3.07788945   -1.43D+01   -8.02D+01     -110.93   2.80316086D-03
     3.12562814   -1.28D+01   -6.99D+01      -96.87   2.26663927D-03
     3.17336683   -1.14D+01   -6.09D+01      -84.69   1.83562978D-03
     3.22110553   -1.02D+01   -5.32D+01      -74.12   1.49132656D-03
     3.26884422   -9.22D+00   -4.65D+01      -64.95   1.21793289D-03
     3.31658291   -8.32D+00   -4.07D+01      -56.96   1.00215467D-03
     3.36432161   -7.52D+00   -3.57D+01      -50.00   8.32867977D-04
     3.41206030   -6.81D+00   -3.13D+01      -43.92   7.00810565D-04
     3.45979899   -6.18D+00   -2.75D+01      -38.61   5.98315233D-04
     3.50753769   -5.61D+00   -2.41D+01      -33.95   5.19076166D-04
     3.55527638   -5.09D+00   -2.12D+01      -29.85   4.57947183D-04
     3.60301508   -4.62D+00   -1.86D+01      -26.26   4.10763603D-04
     3.65075377   -4.19D+00   -1.64D+01      -23.09   3.74187156D-04
     3.69849246   -3.80D+00   -1.44D+01      -20.29   3.45571129D-04
     3.74623116   -3.44D+00   -1.26D+01      -17.83   3.22841756D-04
     3.79396985   -3.11D+00   -1.10D+01      -15.65   3.04230863D-04
     3.84170854   -2.80D+00   -9.65D+00      -13.73   2.88877998D-04
     3.88944724   -2.52D+00   -8.43D+00      -12.04   2.75677294D-04
     3.93718593   -2.26D+00   -7.35D+00      -10.54   2.63963099D-04
     3.98492462   -2.02D+00   -6.39D+00       -9.22   2.53261747D-04
     4.03266332   -1.80D+00   -5.55D+00       -8.05   2.43246086D-04
     4.08040201   -1.60D+00   -4.80D+00       -7.03   2.33700556D-04
     4.12814070   -1.42D+00   -4.15D+00       -6.13   2.24491160D-04
     4.17587940   -1.25D+00   -3.57D+00       -5.33   2.18072944D-04
     4.22361809   -1.10D+00   -3.07D+00       -4.64   2.09035622D-04
     4.27135678   -9.68D-01   -2.62D+00       -4.03   2.00253885D-04
     4.31909548   -8.46D-01   -2.24D+00       -3.50   1.91724844D-04
     4.36683417   -7.36D-01   -1.90D+00       -3.04   1.83464128D-04
     4.41457286   -6.39D-01   -1.61D+00       -2.64   1.75487261D-04
     4.46231156   -5.53D-01   -1.36D+00       -2.29   1.67809028D-04
     4.51005025   -4.77D-01   -1.15D+00       -1.99   1.60444598D-04
     4.55778894   -4.09D-01   -9.64D-01       -1.73   1.53394720D-04
     4.60552764   -3.51D-01   -8.06D-01       -1.51   1.46669805D-04
     4.65326633   -3.00D-01   -6.72D-01       -1.32   1.40732670D-04
     4.70100503   -2.55D-01   -5.58D-01       -1.15   1.34628377D-04
     4.74874372   -2.17D-01   -4.62D-01       -1.01   1.28840850D-04
     4.79648241   -1.84D-01   -3.81D-01       -0.88   1.23360286D-04
     4.84422111   -1.56D-01   -3.13D-01       -0.78   1.18174722D-04
     4.89195980   -1.32D-01   -2.56D-01       -0.69   1.13270616D-04
     4.93969849   -1.11D-01   -2.09D-01       -0.61   1.08817020D-04
     4.98743719   -9.41D-02   -1.70D-01       -0.55   1.04431318D-04
     5.03517588   -7.95D-02   -1.38D-01       -0.49   1.00281433D-04
     5.08291457   -6.72D-02   -1.11D-01       -0.44   9.63530443D-05
     5.13065327   -5.69D-02   -8.97D-02       -0.40   9.26319991D-05
     5.17839196   -4.82D-02   -7.20D-02       -0.36   8.91049640D-05
     5.22613065   -4.10D-02   -5.76D-02       -0.33   8.57591424D-05
     5.27386935   -3.50D-02   -4.59D-02       -0.30   8.25823730D-05
     5.32160804   -2.99D-02   -3.65D-02       -0.28   7.95636083D-05
     5.36934673   -2.58D-02   -2.90D-02       -0.26   7.66922762D-05
     5.41708543   -2.23D-02   -2.29D-02       -0.24   7.39587470D-05
     5.46482412   -1.94D-02   -1.81D-02       -0.22   7.13538930D-05
     5.51256281   -1.69D-02   -1.43D-02       -0.21   6.88697219D-05
     5.56030151   -1.49D-02   -1.12D-02       -0.19   6.64984813D-05
     5.60804020   -1.32D-02   -8.80D-03       -0.18   6.42333662D-05
     5.65577889   -1.17D-02   -6.91D-03       -0.17   6.20678221D-05
     5.70351759   -1.05D-02   -5.42D-03       -0.16   5.99959833D-05
     5.75125628   -9.47D-03   -4.25D-03       -0.15   5.80121756D-05
     5.79899497   -8.58D-03   -3.34D-03       -0.14   5.61117657D-05
     5.84673367   -7.82D-03   -2.63D-03       -0.14   5.42900954D-05
     5.89447236   -7.15D-03   -2.08D-03       -0.13   5.25426864D-05
     5.94221106   -6.57D-03   -1.66D-03       -0.12   5.08658918D-05
     5.98994975   -6.06D-03   -1.32D-03       -0.12   4.92562749D-05
     6.03768844   -5.61D-03   -1.07D-03       -0.11   4.77102824D-05
     6.08542714   -5.20D-03   -8.67D-04       -0.10   4.62249680D-05
     6.13316583   -4.84D-03   -7.12D-04       -0.10   4.47972605D-05
     6.18090452   -4.55D-03   -6.26D-04       -0.09   4.34246662D-05
     6.22864322   -4.25D-03   -5.32D-04       -0.09   4.21044670D-05
     6.27638191   -3.96D-03   -4.35D-04       -0.09   4.08343522D-05
     6.32412060   -3.72D-03   -3.82D-04       -0.08   3.96120151D-05
     6.37185930   -3.49D-03   -3.37D-04       -0.08   3.84351365D-05
     6.41959799   -3.31D-03   -3.29D-04       -0.07   3.73017799D-05
     6.46733668   -3.08D-03   -2.62D-04       -0.07   3.62101498D-05
     6.51507538   -2.91D-03   -2.49D-04       -0.07   3.51583097D-05
     6.56281407   -2.75D-03   -2.34D-04       -0.06   3.41443564D-05
     6.61055276   -2.59D-03   -2.11D-04       -0.06   3.31668343D-05
     6.65829146   -2.46D-03   -2.11D-04       -0.06   3.22241426D-05
     6.70603015   -2.30D-03   -1.79D-04       -0.06   3.13146646D-05
     6.75376884   -2.18D-03   -1.82D-04       -0.06   3.04506659D-05
     6.80150754   -2.05D-03   -1.61D-04       -0.06   2.96037147D-05
     6.84924623   -1.94D-03   -1.47D-04       -0.05   2.87858727D-05
     6.89698492   -1.81D-03   -1.20D-04       -0.05   2.79959967D-05
     6.94472362   -1.74D-03   -1.28D-04       -0.05   2.72331293D-05
     6.99246231   -1.66D-03   -1.35D-04       -0.05   2.64960366D-05
     7.04020101   -1.53D-03   -9.62D-05       -0.05   2.57834637D-05
     7.08793970   -1.50D-03   -1.35D-04       -0.04   2.50947309D-05
     7.13567839   -1.40D-03   -1.12D-04       -0.04   2.44289709D-05
     7.18341709   -1.35D-03   -1.19D-04       -0.04   2.37852394D-05
     7.23115578   -1.26D-03   -9.88D-05       -0.04   2.31624619D-05
     7.27889447   -1.21D-03   -1.04D-04       -0.04   2.25601452D-05
     7.32663317   -1.12D-03   -7.45D-05       -0.04   2.19774078D-05
     7.37437186   -1.05D-03   -5.90D-05       -0.04   2.14131785D-05
     7.42211055   -1.02D-03   -6.66D-05       -0.03   2.08671324D-05
     7.46984925   -9.65D-04   -7.17D-05       -0.03   2.03383704D-05
     7.51758794   -9.30D-04   -7.86D-05       -0.03   1.98262472D-05
     7.56532663   -8.67D-04   -6.15D-05       -0.03   1.93301797D-05
     7.61306533   -8.48D-04   -7.75D-05       -0.03   1.88496057D-05
     7.66080402   -8.17D-04   -8.45D-05       -0.03   1.83837401D-05
     7.70854271   -7.60D-04   -6.77D-05       -0.03   1.79321307D-05
     7.75628141   -7.40D-04   -7.62D-05       -0.03   1.74944110D-05
     7.80402010   -7.04D-04   -7.41D-05       -0.03   1.70700823D-05
     7.85175879   -6.65D-04   -6.35D-05       -0.02   1.66583034D-05
     7.89949749   -6.16D-04   -4.12D-05       -0.02   1.62588945D-05
     7.94723618   -5.90D-04   -4.56D-05       -0.02   1.58714494D-05
     7.99497487   -5.80D-04   -5.79D-05       -0.02   1.54954304D-05
     8.04271357   -5.32D-04   -3.27D-05       -0.02   1.51305990D-05
     8.09045226   -5.26D-04   -5.33D-05       -0.02   1.47764011D-05
     8.13819095   -4.92D-04   -4.36D-05       -0.02   1.44324102D-05
     8.18592965   -4.65D-04   -3.70D-05       -0.02   1.40984018D-05
     8.23366834   -4.58D-04   -4.53D-05       -0.02   1.37739914D-05
     8.28140704   -4.35D-04   -4.47D-05       -0.02   1.34589224D-05
     8.32914573   -4.33D-04   -5.08D-05       -0.02   1.31528622D-05
     8.37688442   -3.77D-04   -1.77D-05       -0.02   1.28553883D-05
     8.42462312   -3.77D-04   -4.00D-05       -0.02   1.25661937D-05
     8.47236181   -3.70D-04   -4.51D-05       -0.02   1.22852429D-05
     8.52010050   -3.22D-04   -1.47D-05       -0.02   1.20120023D-05
     8.56783920   -3.30D-04   -3.81D-05       -0.02   1.17463993D-05
     8.61557789   -3.02D-04   -1.22D-05       -0.01   1.14879900D-05
     8.66331658   -3.14D-04   -3.75D-05       -0.01   1.12366658D-05
     8.71105528   -2.88D-04   -3.00D-05       -0.01   1.09921819D-05
     8.75879397   -2.84D-04   -3.45D-05       -0.01   1.07543475D-05
     8.80653266   -2.91D-04   -4.69D-05       -0.01   1.05228530D-05
     8.85427136   -2.44D-04   -1.30D-05       -0.01   1.02975719D-05
     8.90201005   -2.37D-04   -1.36D-05       -0.01   1.00784392D-05
     8.94974874   -2.24D-04   -1.46D-05       -0.01   9.86498208D-06
     8.99748744   -2.43D-04   -3.70D-05       -0.01   9.65727636D-06
     9.04522613   -1.88D-04   -3.81D-07       -0.01   9.45483476D-06
     9.09296482   -2.12D-04   -2.55D-05       -0.01   9.25767285D-06
     9.14070352   -2.20D-04   -3.66D-05       -0.01   9.06567337D-06
     9.18844221   -1.72D-04    1.01D-06       -0.01   8.87868455D-06
     9.23618090   -1.74D-04   -1.16D-05       -0.01   8.69648753D-06
     9.28391960   -1.88D-04   -3.28D-05       -0.01   8.51893056D-06
     9.33165829   -1.64D-04   -1.07D-05       -0.01   8.34620628D-06
     9.37939698   -1.68D-04   -2.46D-05       -0.01   8.17707221D-06
     9.42713568   -1.69D-04   -3.01D-05       -0.01   8.01213293D-06
     9.47487437   -1.71D-04   -3.92D-05       -0.01   7.85211858D-06
     9.52261307   -1.40D-04   -8.91D-06       -0.01   7.69539714D-06
     9.57035176   -1.42D-04   -2.41D-05       -0.01   7.54323936D-06
     9.61809045   -1.25D-04   -1.06D-05       -0.01   7.39417686D-06
     9.66582915   -1.02D-04    7.66D-06       -0.01   7.24944225D-06
     9.71356784   -1.08D-04   -6.46D-07       -0.01   7.10752593D-06
     9.76130653   -1.37D-04   -3.27D-05       -0.01   6.96976530D-06
     9.80904523   -1.06D-04   -8.86D-06       -0.01   6.83467041D-06
     9.85678392   -1.02D-04   -2.70D-06       -0.01   6.70362835D-06
     9.90452261   -1.11D-04   -1.93D-05       -0.01   6.57478736D-06
     9.95226131   -1.21D-04   -3.11D-05       -0.01   6.44993761D-06
    10.00000000   -9.68D-05   -1.30D-05       -0.01   6.32720770D-06
                                                  
