  =============================
           J =   0.0
           v   energy
           0      14.797
           1      40.533
           2      60.935
           3      76.535
           4      87.439
           5      94.224
           6      97.875
           7      99.791
           8     100.710
           9     101.051
          10     101.802
          11     102.721
          12     103.825
          13     105.095
          14     106.524
          15     108.105
          16     109.834
          17     111.707
          18     113.721
          19     115.875
          20     118.166
          21     120.592
          22     123.151
          23     125.841
          24     128.660
  =============================
           J =   1.0
           v   energy
           0      14.912
           1      40.640
           2      61.032
           3      76.620
           4      87.512
           5      94.282
           6      97.918
           7      99.823
           8     100.724
           9     101.071
          10     101.822
          11     102.743
          12     103.847
          13     105.119
          14     106.548
          15     108.130
          16     109.860
          17     111.734
          18     113.748
          19     115.902
          20     118.193
          21     120.620
          22     123.179
          23     125.870
          24     128.689
  =============================
           J =   2.0
           v   energy
           0      15.144
           1      40.853
           2      61.226
           3      76.792
           4      87.657
           5      94.398
           6      98.002
           7      99.887
           8     100.751
           9     101.112
          10     101.863
          11     102.787
          12     103.893
          13     105.166
          14     106.597
          15     108.181
          16     109.912
          17     111.787
          18     113.802
          19     115.957
          20     118.249
          21     120.676
          22     123.237
          23     125.928
          24     128.748
  =============================
           J =   3.0
           v   energy
           0      15.490
           1      41.173
           2      61.517
           3      77.049
           4      87.876
           5      94.571
           6      98.129
           7      99.982
           8     100.791
           9     101.173
          10     101.924
          11     102.852
          12     103.962
          13     105.238
          14     106.671
          15     108.257
          16     109.990
          17     111.866
          18     113.884
          19     116.040
          20     118.333
          21     120.761
          22     123.323
          23     126.015
          24     128.836
  =============================
           J =   4.0
           v   energy
           0      15.952
           1      41.600
           2      61.905
           3      77.391
           4      88.166
           5      94.801
           6      98.296
           7     100.107
           8     100.843
           9     101.255
          10     102.005
          11     102.940
          12     104.054
          13     105.334
          14     106.770
          15     108.359
          16     110.094
          17     111.973
          18     113.992
          19     116.150
          20     118.445
          21     120.875
          22     123.437
          23     126.131
          24     128.954
  =============================
           J =   5.0
           v   energy
           0      16.530
           1      42.133
           2      62.389
           3      77.819
           4      88.528
           5      95.086
           6      98.503
           7     100.260
           8     100.905
           9     101.357
          10     102.108
          11     103.049
          12     104.169
          13     105.453
          14     106.894
          15     108.486
          16     110.224
          17     112.106
          18     114.127
          19     116.288
          20     118.585
          21     121.016
          22     123.581
          23     126.277
          24     129.101
  =============================
           J =   6.0
           v   energy
           0      17.223
           1      42.773
           2      62.969
           3      78.331
           4      88.962
           5      95.427
           6      98.748
           7     100.441
           8     100.978
           9     101.480
          10     102.232
          11     103.182
          12     104.308
          13     105.598
          14     107.043
          15     108.639
          16     110.381
          17     112.266
          18     114.290
          19     116.453
          20     118.753
          21     121.187
          22     123.754
          23     126.451
          24     129.278
  =============================
           J =   7.0
           v   energy
           0      18.030
           1      43.518
           2      63.645
           3      78.927
           4      89.466
           5      95.822
           6      99.030
           7     100.646
           8     101.062
           9     101.622
          10     102.378
          11     103.337
          12     104.470
          13     105.766
          14     107.217
          15     108.818
          16     110.564
          17     112.453
          18     114.481
          19     116.647
          20     118.949
          21     121.386
          22     123.955
          23     126.656
          24     129.485
  =============================
           J =   8.0
           v   energy
           0      18.953
           1      44.369
           2      64.418
           3      79.607
           4      90.039
           5      96.269
           6      99.346
           7     100.869
           8     101.160
           9     101.783
          10     102.547
          11     103.515
          12     104.657
          13     105.960
          14     107.417
          15     109.023
          16     110.774
          17     112.667
          18     114.699
          19     116.868
          20     119.174
          21     121.613
          22     124.186
          23     126.889
          24     129.721
  =============================
           J =   9.0
           v   energy
           0      19.990
           1      45.326
           2      65.285
           3      80.371
           4      90.681
           5      96.766
           6      99.694
           7     101.094
           8     101.285
           9     101.963
          10     102.738
          11     103.717
          12     104.868
          13     106.178
          14     107.642
          15     109.254
          16     111.011
          17     112.909
          18     114.945
          19     117.119
          20     119.427
          21     121.870
          22     124.446
          23     127.152
          24     129.988
  =============================
           J =  10.0
           v   energy
           0      21.142
           1      46.388
           2      66.247
           3      81.216
           4      91.390
           5      97.311
           6     100.071
           7     101.281
           8     101.472
           9     102.161
          10     102.954
          11     103.944
          12     105.103
          13     106.422
          14     107.893
          15     109.512
          16     111.275
          17     113.178
          18     115.220
          19     117.397
          20     119.710
          21     122.156
          22     124.735
          23     127.445
  =============================
           J =  11.0
           v   energy
           0      22.408
           1      47.555
           2      67.304
           3      82.143
           4      92.165
           5      97.902
           6     100.474
           7     101.424
           8     101.724
           9     102.381
          10     103.194
          11     104.195
          12     105.364
          13     106.692
          14     108.171
          15     109.797
          16     111.566
          17     113.475
          18     115.522
          19     117.704
          20     120.021
          21     122.472
          22     125.054
          23     127.768
  =============================
           J =  12.0
           v   energy
           0      23.788
           1      48.826
           2      68.454
           3      83.151
           4      93.004
           5      98.534
           6     100.898
           7     101.558
           8     101.998
           9     102.625
          10     103.458
          11     104.471
          12     105.650
          13     106.987
          14     108.475
          15     110.109
          16     111.885
          17     113.801
          18     115.853
          19     118.041
          20     120.362
          21     122.817
          22     125.404
          23     128.121
  =============================
           J =  13.0
           v   energy
           0      25.282
           1      50.201
           2      69.698
           3      84.238
           4      93.905
           5      99.204
           6     101.336
           7     101.697
           8     102.277
           9     102.896
          10     103.749
          11     104.773
          12     105.963
          13     107.309
          14     108.806
          15     110.448
          16     112.231
          17     114.154
          18     116.213
          19     118.406
          20     120.733
          21     123.192
          22     125.783
          23     128.504
  =============================
           J =  14.0
           v   energy
           0      26.889
           1      51.680
           2      71.034
           3      85.404
           4      94.867
           5      99.907
           6     101.770
           7     101.858
           8     102.557
           9     103.195
          10     104.065
          11     105.103
          12     106.303
          13     107.659
          14     109.165
          15     110.815
          16     112.606
          17     114.536
          18     116.602
          19     118.801
          20     121.133
          21     123.597
          22     126.192
          23     128.918
  =============================
           J =  15.0
           v   energy
           0      28.609
           1      53.262
           2      72.461
           3      86.647
           4      95.885
           5     100.634
           6     101.984
           7     102.244
           8     102.843
           9     103.522
          10     104.408
          11     105.460
          12     106.671
          13     108.036
          14     109.551
          15     111.210
          16     113.009
          17     114.947
          18     117.020
          19     119.226
          20     121.564
          21     124.033
          22     126.633
          23     129.363
  =============================
           J =  16.0
           v   energy
           0      30.441
           1      54.946
           2      73.980
           3      87.966
           4      96.958
           5     101.376
           6     102.147
           7     102.672
           8     103.151
           9     103.875
          10     104.778
          11     105.844
          12     107.067
          13     108.442
          14     109.966
          15     111.634
          16     113.442
          17     115.387
          18     117.467
          19     119.680
          20     122.025
          21     124.499
          22     127.104
          23     129.839
  =============================
           J =  17.0
           v   energy
           0      32.385
           1      56.732
           2      75.588
           3      89.358
           4      98.081
           5     102.120
           6     102.317
           7     103.059
           8     103.503
           9     104.256
          10     105.176
          11     106.257
          12     107.492
          13     108.877
          14     110.410
          15     112.087
          16     113.903
          17     115.856
          18     117.945
          19     120.165
          20     122.516
          21     124.997
          22     127.607
  =============================
           J =  18.0
           v   energy
           0      34.441
           1      58.619
           2      77.286
           3      90.823
           4      99.250
           5     102.493
           6     102.842
           7     103.400
           8     103.910
           9     104.669
          10     105.603
          11     106.700
          12     107.947
          13     109.342
          14     110.884
          15     112.569
          16     114.394
          17     116.356
          18     118.452
          19     120.680
          20     123.039
          21     125.526
          22     128.141
  =============================
           J =  19.0
           v   energy
           0      36.609
           1      60.607
           2      79.071
           3      92.358
           4     100.460
           5     102.679
           6     103.483
           7     103.746
           8     104.356
           9     105.117
          10     106.063
          11     107.172
          12     108.433
          13     109.839
          14     111.389
          15     113.083
          16     114.916
          17     116.886
          18     118.990
          19     121.226
          20     123.592
          21     126.086
          22     128.708
  =============================
           J =  20.0
           v   energy
           0      38.886
           1      62.694
           2      80.942
           3      93.961
           4     101.701
           5     102.873
           6     103.901
           7     104.232
           8     104.832
           9     105.606
          10     106.558
          11     107.676
          12     108.949
          13     110.366
          14     111.926
          15     113.628
          16     115.469
          17     117.447
          18     119.559
          19     121.803
          20     124.176
          21     126.678
          22     129.306
  =============================
           J =  21.0
           v   energy
           0      41.274
           1      64.879
           2      82.899
           3      95.628
           4     102.964
           5     103.076
           6     104.205
           7     104.743
           8     105.335
           9     106.130
          10     107.090
          11     108.215
          12     109.497
          13     110.926
          14     112.495
          15     114.205
          16     116.054
          17     118.039
          18     120.159
          19     122.411
          20     124.792
          21     127.302
          22     129.937
  =============================
           J =  22.0
           v   energy
           0      43.771
           1      67.163
           2      84.939
           3      97.358
           4     103.287
           5     104.230
           6     104.495
           7     105.201
           8     105.852
           9     106.679
          10     107.656
          11     108.789
          12     110.080
          13     111.519
          14     113.098
          15     114.816
          16     116.672
          17     118.665
          18     120.792
          19     123.051
          20     125.440
          21     127.957
  =============================
           J =  23.0
           v   energy
           0      46.377
           1      69.543
           2      87.062
           3      99.146
           4     103.507
           5     104.783
           6     105.433
           7     105.660
           8     106.378
           9     107.244
          10     108.251
          11     109.399
          12     110.697
          13     112.145
          14     113.734
          15     115.461
          16     117.324
          17     119.324
          18     121.458
          19     123.724
          20     126.121
          21     128.646
  =============================
           J =  24.0
           v   energy
           0      49.091
           1      72.019
           2      89.264
           3     100.987
           4     103.734
           5     105.078
           6     105.994
           7     106.574
           8     107.000
           9     107.840
          10     108.872
          11     110.041
          12     111.350
          13     112.805
          14     114.404
          15     116.140
          16     118.011
          17     120.017
          18     122.158
          19     124.431
          20     126.834
          21     129.367
  =============================
           J =  25.0
           v   energy
           0      51.913
           1      74.590
           2      91.545
           3     102.876
           4     103.971
           5     105.377
           6     106.392
           7     107.216
           8     107.869
           9     108.535
          10     109.531
          11     110.715
          12     112.038
          13     113.502
          14     115.109
          15     116.854
          16     118.733
          17     120.747
          18     122.893
          19     125.172
          20     127.582
  =============================
           J =  26.0
           v   energy
           0      54.841
           1      77.253
           2      93.901
           3     104.216
           4     104.807
           5     105.683
           6     106.783
           7     107.717
           8     108.593
           9     109.367
          10     110.266
          11     111.429
          12     112.762
          13     114.235
          14     115.850
          15     117.604
          16     119.491
          17     121.512
          18     123.664
          19     125.949
          20     128.364
  =============================
           J =  27.0
           v   energy
           0      57.874
           1      80.009
           2      96.331
           3     104.469
           4     105.996
           5     106.768
           6     107.173
           7     108.195
           8     109.188
           9     110.150
          10     111.086
          11     112.200
          12     113.526
          13     115.006
          14     116.627
          15     118.389
          16     120.285
          17     122.313
          18     124.473
          19     126.763
          20     129.183
  =============================
           J =  28.0
           v   energy
           0      61.013
           1      82.856
           2      98.830
           3     104.731
           4     106.317
           5     107.565
           6     108.662
           7     108.749
           8     109.746
           9     110.836
          10     111.907
          11     113.030
          12     114.335
          13     115.816
          14     117.443
          15     119.211
          16     121.116
          17     123.152
          18     125.318
          19     127.614
  =============================
           J =  29.0
           v   energy
           0      64.255
           1      85.791
           2     101.397
           3     105.001
           4     106.645
           5     107.962
           6     109.137
           7     110.277
           8     110.716
           9     111.484
          10     112.677
          11     113.883
          12     115.192
          13     116.669
          14     118.299
          15     120.071
          16     121.983
          17     124.027
          18     126.201
          19     128.503
  =============================
           J =  30.0
           v   energy
           0      67.600
           1      88.813
           2     104.025
           3     105.279
           4     106.982
           5     108.364
           6     109.609
           7     110.823
           8     112.036
           9     112.663
          10     113.443
          11     114.729
          12     116.082
          13     117.563
          14     119.196
          15     120.972
          16     122.888
          17     124.939
          18     127.121
          19     129.430
