37   R(A)   Energy(cm-1)      
0.9145	35725.1100
0.9179	34747.9600
0.9221	33592.2900
0.9270	32278.3400
0.9327	30820.4100
0.9391	29229.7600
0.9464	27514.7200
0.9545	25681.6700
0.9637	23735.6900
0.9739	21680.1200
0.9856	19517.7800
0.9988	17250.7500
1.0141	14880.1600
1.0321	12406.7200
1.0537	9830.6700
1.0807	7151.8700
1.1172	4369.8700
1.1772	1483.8900
1.2756	0.0000
1.3934	1483.8900
1.4973	4369.8700
1.5790	7151.8700
1.6526	9830.6700
1.7224	12406.7200
1.7903	14880.1600
1.8575	17250.7500
1.9250	19517.7800
1.9935	21680.1200
2.0638	23735.6900
2.1366	25681.6700
2.2130	27514.7200
2.2943	29229.7600
2.3820	30820.4100
2.4788	32278.3400
2.5885	33592.2900
2.7172	34747.9600
2.8780	35725.1100


























850	R(A)			E(cm-1)		
   0.7050665061   253578.37146  
   0.7100701530   231528.71413  
   0.7150130862   212974.97310  
   0.7198973386   197193.74311  
   0.7247248390   183635.89945  
   0.7294974186   171879.37893  
   0.7342168183   161596.05494  
   0.7388846941   152528.14637  
   0.7435026234   144471.17988  
   0.7480721093   137261.52397  
   0.7525945858   130767.15701  
   0.7570714218   124880.75275  
   0.7615039255   119514.44677  
   0.7658933476   114595.83613  
   0.7702408849   110064.89340  
   0.7745476835   105871.56565  
   0.7788148415   101973.89127  
   0.7830434121    98336.51186  
   0.7872344057    94929.48806  
   0.7913887924    91727.35110  
   0.7955075041    88708.33838  
   0.7995914368    85853.77395  
   0.8036414522    83147.56372  
   0.8076583795    80575.78203  
   0.8116430172    78126.33151  
   0.8155961347    75788.66199  
   0.8195184733    73553.53730  
   0.8234107481    71412.84093  
   0.8272736491    69359.41358  
   0.8311078423    67386.91695  
   0.8349139708    65489.71898  
   0.8386926561    63662.79699  
   0.8424444988    61901.65575  
   0.8461700799    60202.25779  
   0.8498699612    58560.96410  
   0.8535446867    56974.48354  
   0.8571947829    55439.82952  
   0.8608207598    53954.28281  
   0.8644231117    52515.35956  
   0.8680023175    51120.78382  
   0.8715588417    49768.46364  
   0.8750931350    48456.47053  
   0.8786056345    47183.02152  
   0.8820967645    45946.46363  
   0.8855669372    44745.26029  
   0.8890165527    43577.97947  
   0.8924460000    42443.28332  
   0.8958556570    41339.91908  
   0.8992458911    40266.71101  
   0.9026170596    39222.55338  
   0.9059695103    38206.40420  
   0.9093035813    37217.27969  
   0.9126196019    36254.24941  
   0.9159178926    35316.43184  
   0.9191987657    34402.99050  
   0.9224625251    33513.13051  
   0.9257094671    32646.09541  
   0.9289398806    31801.16440  
   0.9321540471    30977.64978  
   0.9353522410    30174.89472  
   0.9385347302    29392.27115  
   0.9417017758    28629.17790  
   0.9448536326    27885.03903  
   0.9479905495    27159.30225  
   0.9511127694    26451.43752  
   0.9542205292    25760.93575  
   0.9573140608    25087.30759  
   0.9603935902    24430.08238  
   0.9634593386    23788.80711  
   0.9665115220    23163.04550  
   0.9695503515    22552.37713  
   0.9725760337    21956.39665  
   0.9755887704    21374.71304  
   0.9785887591    20806.94891  
   0.9815761929    20252.73985  
   0.9845512607    19711.73386  
   0.9875141477    19183.59074  
   0.9904650347    18667.98161  
   0.9934040990    18164.58835  
   0.9963315141    17673.10321  
   0.9992474498    17193.22831  
   1.0021520727    16724.67528  
   1.0050455458    16267.16480  
   1.0079280288    15820.42630  
   1.0107996781    15384.19757  
   1.0136606473    14958.22443  
   1.0165110868    14542.26044  
   1.0193511439    14136.06659  
   1.0221809633    13739.41100  
   1.0250006867    13352.06868  
   1.0278104532    12973.82125  
   1.0306103992    12604.45670  
   1.0334006586    12243.76919  
   1.0361813628    11891.55876  
   1.0389526406    11547.63120  
   1.0417146186    11211.79779  
   1.0444674210    10883.87511  
   1.0472111697    10563.68488  
   1.0499459846    10251.05379  
   1.0526719832     9945.81328  
   1.0553892811     9647.79943  
   1.0580979918     9356.85279  
   1.0607982266     9072.81820  
   1.0634900953     8795.54469  
   1.0661737055     8524.88533  
   1.0688491629     8260.69709  
   1.0715165717     8002.84071  
   1.0741760340     7751.18058  
   1.0768276503     7505.58465  
   1.0794715197     7265.92427  
   1.0821077392     7032.07413  
   1.0847364045     6803.91213  
   1.0873576096     6581.31926  
   1.0899714471     6364.17957  
   1.0925780081     6152.37999  
   1.0951773820     5945.81032  
   1.0977696571     5744.36310  
   1.1003549201     5547.93351  
   1.1029332564     5356.41936  
   1.1055047502     5169.72094  
   1.1080694840     4987.74099  
   1.1106275396     4810.38459  
   1.1131789970     4637.55914  
   1.1157239353     4469.17426  
   1.1182624324     4305.14172  
   1.1207945650     4145.37539  
   1.1233204085     3989.79121  
   1.1258400374     3838.30707  
   1.1283535249     3690.84279  
   1.1308609434     3547.32007  
   1.1333623640     3407.66243  
   1.1358578569     3271.79514  
   1.1383474913     3139.64522  
   1.1408313353     3011.14133  
   1.1433094561     2886.21376  
   1.1457819201     2764.79441  
   1.1482487926     2646.81668  
   1.1507101379     2532.21550  
   1.1531660197     2420.92722  
   1.1556165006     2312.88963  
   1.1580616424     2208.04191  
   1.1605015061     2106.32455  
   1.1629361520     2007.67938  
   1.1653656393     1912.04947  
   1.1677900265     1819.37916  
   1.1702093716     1729.61398  
   1.1726237316     1642.70065  
   1.1750331626     1558.58700  
   1.1774377204     1477.22203  
   1.1798374597     1398.55578  
   1.1822324346     1322.53938  
   1.1846226987     1249.12497  
   1.1870083047     1178.26572  
   1.1893893048     1109.91577  
   1.1917657503     1044.03022  
   1.1941376921      980.56509  
   1.1965051804      919.47733  
   1.1988682648      860.72477  
   1.2012269942      804.26611  
   1.2035814170      750.06088  
   1.2059315811      698.06945  
   1.2082775336      648.25299  
   1.2106193212      600.57346  
   1.2129569900      554.99356  
   1.2152905856      511.47679  
   1.2176201529      469.98732  
   1.2199457366      430.49007  
   1.2222673806      392.95065  
   1.2245851284      357.33535  
   1.2268990229      323.61110  
   1.2292091067      291.74552  
   1.2315154218      261.70683  
   1.2338180098      233.46387  
   1.2361169117      206.98611  
   1.2384121682      182.24357  
   1.2407038195      159.20689  
   1.2429919052      137.84725  
   1.2452764648      118.13637  
   1.2475575371      100.04653  
   1.2498351606       83.55053  
   1.2521093733       68.62168  
   1.2543802129       55.23379  
   1.2566477166       43.36117  
   1.2589119214       32.97861  
   1.2611728636       24.06136  
   1.2634305794       16.58514  
   1.2656851046       10.52611  
   1.2679364744        5.86089  
   1.2701847239        2.56651  
   1.2724298878        0.62042  
   1.2746720003        0.00049  
   1.2769110954        0.68500  
   1.2791472067        2.65262  
   1.2813803675        5.88238  
   1.2836106107       10.35373  
   1.2858379691       16.04646  
   1.2880624749       22.94073  
   1.2902841601       31.01706  
   1.2925030565       40.25630  
   1.2947191954       50.63967  
   1.2969326079       62.14869  
   1.2991433249       74.76521  
   1.3013513769       88.47143  
   1.3035567942      103.24982  
   1.3057596066      119.08319  
   1.3079598439      135.95462  
   1.3101575354      153.84750  
   1.3123527104      172.74552  
   1.3145453978      192.63261  
   1.3167356261      213.49303  
   1.3189234237      235.31126  
   1.3211088188      258.07208  
   1.3232918392      281.76052  
   1.3254725125      306.36184  
   1.3276508663      331.86159  
   1.3298269275      358.24553  
   1.3320007232      385.49969  
   1.3341722800      413.61030  
   1.3363416244      442.56385  
   1.3385087827      472.34704  
   1.3406737808      502.94679  
   1.3428366447      534.35025  
   1.3449973999      566.54477  
   1.3471560717      599.51792  
   1.3493126855      633.25745  
   1.3514672661      667.75134  
   1.3536198384      702.98775  
   1.3557704268      738.95505  
   1.3579190560      775.64177  
   1.3600657499      813.03664  
   1.3622105327      851.12859  
   1.3643534281      889.90671  
   1.3664944598      929.36025  
   1.3686336513      969.47868  
   1.3707710258     1010.25158  
   1.3729066065     1051.66874  
   1.3750404162     1093.72010  
   1.3771724778     1136.39575  
   1.3793028138     1179.68594  
   1.3814314467     1223.58108  
   1.3835583987     1268.07173  
   1.3856836920     1313.14860  
   1.3878073484     1358.80253  
   1.3899293898     1405.02452  
   1.3920498378     1451.80571  
   1.3941687139     1499.13736  
   1.3962860394     1547.01089  
   1.3984018355     1595.41782  
   1.4005161232     1644.34984  
   1.4026289235     1693.79873  
   1.4047402570     1743.75643  
   1.4068501445     1794.21497  
   1.4089586064     1845.16652  
   1.4110656629     1896.60338  
   1.4131713344     1948.51794  
   1.4152756410     2000.90273  
   1.4173786024     2053.75036  
   1.4194802386     2107.05360  
   1.4215805693     2160.80528  
   1.4236796140     2214.99836  
   1.4257773921     2269.62590  
   1.4278739231     2324.68108  
   1.4299692260     2380.15716  
   1.4320633200     2436.04751  
   1.4341562240     2492.34558  
   1.4362479569     2549.04495  
   1.4383385375     2606.13927  
   1.4404279843     2663.62229  
   1.4425163159     2721.48785  
   1.4446035507     2779.72987  
   1.4466897070     2838.34238  
   1.4487748030     2897.31949  
   1.4508588568     2956.65538  
   1.4529418864     3016.34433  
   1.4550239096     3076.38069  
   1.4571049443     3136.75891  
   1.4591850082     3197.47351  
   1.4612641189     3258.51907  
   1.4633422938     3319.89028  
   1.4654195504     3381.58188  
   1.4674959060     3443.58870  
   1.4695713778     3505.90563  
   1.4716459830     3568.52765  
   1.4737197386     3631.44980  
   1.4757926615     3694.66718  
   1.4778647687     3758.17497  
   1.4799360770     3821.96843  
   1.4820066029     3886.04286  
   1.4840763632     3950.39364  
   1.4861453744     4015.01621  
   1.4882136530     4079.90609  
   1.4902812153     4145.05883  
   1.4923480777     4210.47008  
   1.4944142563     4276.13550  
   1.4964797673     4342.05086  
   1.4985446269     4408.21197  
   1.5006088510     4474.61467  
   1.5026724555     4541.25491  
   1.5047354563     4608.12864  
   1.5067978692     4675.23191  
   1.5088597099     4742.56079  
   1.5109209940     4810.11142  
   1.5129817372     4877.88000  
   1.5150419550     4945.86275  
   1.5171016628     5014.05599  
   1.5191608761     5082.45603  
   1.5212196100     5151.05928  
   1.5232778800     5219.86217  
   1.5253357012     5288.86118  
   1.5273930888     5358.05286  
   1.5294500577     5427.43376  
   1.5315066232     5497.00052  
   1.5335628001     5566.74981  
   1.5356186033     5636.67833  
   1.5376740477     5706.78284  
   1.5397291482     5777.06013  
   1.5417839194     5847.50705  
   1.5438383760     5918.12047  
   1.5458925327     5988.89731  
   1.5479464041     6059.83453  
   1.5500000047     6130.92913  
   1.5520533490     6202.17815  
   1.5541064514     6273.57866  
   1.5561593264     6345.12778  
   1.5582119882     6416.82266  
   1.5602644512     6488.66048  
   1.5623167297     6560.63847  
   1.5643688378     6632.75388  
   1.5664207897     6705.00400  
   1.5684725995     6777.38617  
   1.5705242813     6849.89775  
   1.5725758491     6922.53612  
   1.5746273169     6995.29872  
   1.5766786988     7068.18300  
   1.5787300085     7141.18645  
   1.5807812600     7214.30660  
   1.5828324670     7287.54099  
   1.5848836435     7360.88722  
   1.5869348031     7434.34290  
   1.5889859596     7507.90566  
   1.5910371267     7581.57317  
   1.5930883180     7655.34315  
   1.5951395472     7729.21332  
   1.5971908278     7803.18143  
   1.5992421734     7877.24526  
   1.6012935974     7951.40264  
   1.6033451135     8025.65139  
   1.6053967351     8099.98938  
   1.6074484755     8174.41450  
   1.6095003482     8248.92466  
   1.6115523666     8323.51781  
   1.6136045439     8398.19190  
   1.6156568936     8472.94493  
   1.6177094289     8547.77491  
   1.6197621630     8622.67988  
   1.6218151092     8697.65790  
   1.6238682808     8772.70704  
   1.6259216908     8847.82543  
   1.6279753525     8923.01118  
   1.6300292790     8998.26244  
   1.6320834833     9073.57739  
   1.6341379787     9148.95422  
   1.6361927781     9224.39114  
   1.6382478947     9299.88640  
   1.6403033414     9375.43824  
   1.6423591312     9451.04495  
   1.6444152772     9526.70481  
   1.6464717923     9602.41615  
   1.6485286895     9678.17730  
   1.6505859817     9753.98661  
   1.6526436818     9829.84246  
   1.6547018027     9905.74323  
   1.6567603573     9981.68735  
   1.6588193585    10057.67323  
   1.6608788192    10133.69933  
   1.6629387521    10209.76410  
   1.6649991701    10285.86603  
   1.6670600860    10362.00361  
   1.6691215126    10438.17537  
   1.6711834627    10514.37982  
   1.6732459491    10590.61553  
   1.6753089845    10666.88105  
   1.6773725817    10743.17496  
   1.6794367534    10819.49586  
   1.6815015124    10895.84236  
   1.6835668714    10972.21309  
   1.6856328431    11048.60668  
   1.6876994402    11125.02180  
   1.6897666755    11201.45712  
   1.6918345615    11277.91132  
   1.6939031110    11354.38309  
   1.6959723367    11430.87117  
   1.6980422513    11507.37426  
   1.7001128673    11583.89112  
   1.7021841976    11660.42050  
   1.7042562546    11736.96117  
   1.7063290512    11813.51190  
   1.7084025999    11890.07150  
   1.7104769134    11966.63877  
   1.7125520044    12043.21253  
   1.7146278854    12119.79161  
   1.7167045692    12196.37487  
   1.7187820683    12272.96114  
   1.7208603955    12349.54931  
   1.7229395633    12426.13824  
   1.7250195844    12502.72685  
   1.7271004715    12579.31402  
   1.7291822371    12655.89868  
   1.7312648940    12732.47974  
   1.7333484548    12809.05615  
   1.7354329322    12885.62686  
   1.7375183387    12962.19081  
   1.7396046872    13038.74699  
   1.7416919901    13115.29437  
   1.7437802602    13191.83194  
   1.7458695103    13268.35870  
   1.7479597528    13344.87366  
   1.7500510006    13421.37583  
   1.7521432664    13497.86426  
   1.7542365627    13574.33798  
   1.7563309024    13650.79603  
   1.7584262982    13727.23748  
   1.7605227627    13803.66139  
   1.7626203088    13880.06684  
   1.7647189491    13956.45291  
   1.7668186964    14032.81870  
   1.7689195635    14109.16331  
   1.7710215631    14185.48584  
   1.7731247080    14261.78543  
   1.7752290111    14338.06120  
   1.7773344851    14414.31229  
   1.7794411428    14490.53783  
   1.7815489971    14566.73699  
   1.7836580609    14642.90892  
   1.7857683469    14719.05279  
   1.7878798681    14795.16777  
   1.7899926374    14871.25306  
   1.7921066676    14947.30784  
   1.7942219717    15023.33131  
   1.7963385626    15099.32267  
   1.7984564533    15175.28115  
   1.8005756568    15251.20595  
   1.8026961859    15327.09631  
   1.8048180538    15402.95145  
   1.8069412735    15478.77063  
   1.8090658579    15554.55308  
   1.8111918202    15630.29806  
   1.8133191735    15706.00484  
   1.8154479308    15781.67267  
   1.8175781053    15857.30083  
   1.8197097102    15932.88860  
   1.8218427585    16008.43527  
   1.8239772634    16083.94012  
   1.8261132383    16159.40246  
   1.8282506963    16234.82158  
   1.8303896506    16310.19680  
   1.8325301147    16385.52743  
   1.8346721016    16460.81279  
   1.8368156249    16536.05221  
   1.8389606979    16611.24502  
   1.8411073338    16686.39054  
   1.8432555462    16761.48814  
   1.8454053485    16836.53714  
   1.8475567541    16911.53692  
   1.8497097766    16986.48681  
   1.8518644294    17061.38619  
   1.8540207261    17136.23441  
   1.8561786803    17211.03086  
   1.8583383055    17285.77491  
   1.8604996155    17360.46594  
   1.8626626238    17435.10333  
   1.8648273442    17509.68648  
   1.8669937904    17584.21478  
   1.8691619762    17658.68763  
   1.8713319153    17733.10442  
   1.8735036217    17807.46458  
   1.8756771090    17881.76751  
   1.8778523913    17956.01262  
   1.8800294825    18030.19934  
   1.8822083965    18104.32708  
   1.8843891473    18178.39528  
   1.8865717490    18252.40337  
   1.8887562157    18326.35078  
   1.8909425613    18400.23695  
   1.8931308002    18474.06131  
   1.8953209464    18547.82333  
   1.8975130142    18621.52244  
   1.8997070179    18695.15809  
   1.9019029717    18768.72975  
   1.9041008901    18842.23686  
   1.9063007873    18915.67890  
   1.9085026778    18989.05533  
   1.9107065760    19062.36561  
   1.9129124965    19135.60922  
   1.9151204539    19208.78563  
   1.9173304626    19281.89431  
   1.9195425374    19354.93474  
   1.9217566929    19427.90642  
   1.9239729439    19500.80881  
   1.9261913050    19573.64142  
   1.9284117912    19646.40372  
   1.9306344173    19719.09522  
   1.9328591982    19791.71540  
   1.9350861489    19864.26376  
   1.9373152843    19936.73980  
   1.9395466195    20009.14303  
   1.9417801696    20081.47294  
   1.9440159498    20153.72904  
   1.9462539753    20225.91085  
   1.9484942613    20298.01786  
   1.9507368231    20370.04959  
   1.9529816761    20442.00556  
   1.9552288357    20513.88528  
   1.9574783173    20585.68826  
   1.9597301365    20657.41403  
   1.9619843089    20729.06211  
   1.9642408500    20800.63201  
   1.9664997755    20872.12326  
   1.9687611013    20943.53538  
   1.9710248430    21014.86791  
   1.9732910165    21086.12036  
   1.9755596378    21157.29228  
   1.9778307228    21228.38317  
   1.9801042875    21299.39259  
   1.9823803481    21370.32005  
   1.9846589205    21441.16510  
   1.9869400212    21511.92727  
   1.9892236663    21582.60608  
   1.9915098722    21653.20108  
   1.9937986553    21723.71181  
   1.9960900319    21794.13780  
   1.9983840188    21864.47859  
   2.0006806324    21934.73372  
   2.0029798893    22004.90272  
   2.0052818064    22074.98514  
   2.0075864004    22144.98052  
   2.0098936882    22214.88840  
   2.0122036866    22284.70832  
   2.0145164127    22354.43982  
   2.0168318836    22424.08243  
   2.0191501163    22493.63572  
   2.0214711281    22563.09920  
   2.0237949362    22632.47244  
   2.0261215580    22701.75496  
   2.0284510110    22770.94632  
   2.0307833126    22840.04604  
   2.0331184803    22909.05368  
   2.0354565319    22977.96878  
   2.0377974850    23046.79087  
   2.0401413575    23115.51950  
   2.0424881673    23184.15420  
   2.0448379322    23252.69453  
   2.0471906703    23321.14000  
   2.0495463998    23389.49018  
   2.0519051388    23457.74458  
   2.0542669055    23525.90276  
   2.0566317185    23593.96425  
   2.0589995961    23661.92858  
   2.0613705568    23729.79528  
   2.0637446192    23797.56390  
   2.0661218021    23865.23397  
   2.0685021242    23932.80502  
   2.0708856044    24000.27657  
   2.0732722617    24067.64817  
   2.0756621151    24134.91933  
   2.0780551837    24202.08959  
   2.0804514867    24269.15847  
   2.0828510436    24336.12550  
   2.0852538736    24402.99020  
   2.0876599964    24469.75210  
   2.0900694314    24536.41071  
   2.0924821985    24602.96555  
   2.0948983173    24669.41615  
   2.0973178078    24735.76201  
   2.0997406899    24802.00266  
   2.1021669838    24868.13759  
   2.1045967096    24934.16634  
   2.1070298876    25000.08839  
   2.1094665382    25065.90326  
   2.1119066819    25131.61046  
   2.1143503392    25197.20949  
   2.1167975309    25262.69984  
   2.1192482778    25328.08101  
   2.1217026007    25393.35251  
   2.1241605206    25458.51382  
   2.1266220588    25523.56444  
   2.1290872365    25588.50386  
   2.1315560748    25653.33156  
   2.1340285955    25718.04702  
   2.1365048199    25782.64973  
   2.1389847698    25847.13917  
   2.1414684669    25911.51481  
   2.1439559332    25975.77613  
   2.1464471908    26039.92259  
   2.1489422616    26103.95367  
   2.1514411681    26167.86883  
   2.1539439326    26231.66754  
   2.1564505775    26295.34924  
   2.1589611256    26358.91340  
   2.1614755996    26422.35948  
   2.1639940223    26485.68691  
   2.1665164168    26548.89515  
   2.1690428061    26611.98365  
   2.1715732136    26674.95183  
   2.1741076626    26737.79914  
   2.1766461766    26800.52502  
   2.1791887794    26863.12888  
   2.1817354945    26925.61016  
   2.1842863461    26987.96829  
   2.1868413581    27050.20267  
   2.1894005547    27112.31273  
   2.1919639603    27174.29788  
   2.1945315993    27236.15752  
   2.1971034963    27297.89106  
   2.1996796761    27359.49791  
   2.2022601635    27420.97745  
   2.2048449836    27482.32908  
   2.2074341617    27543.55220  
   2.2100277229    27604.64617  
   2.2126256928    27665.61040  
   2.2152280971    27726.44424  
   2.2178349615    27787.14708  
   2.2204463119    27847.71828  
   2.2230621745    27908.15721  
   2.2256825754    27968.46323  
   2.2283075412    28028.63568  
   2.2309370983    28088.67393  
   2.2335712734    28148.57732  
   2.2362100936    28208.34519  
   2.2388535857    28267.97688  
   2.2415017771    28327.47173  
   2.2441546952    28386.82905  
   2.2468123674    28446.04818  
   2.2494748215    28505.12844  
   2.2521420853    28564.06913  
   2.2548141871    28622.86958  
   2.2574911549    28681.52908  
   2.2601730173    28740.04693  
   2.2628598028    28798.42244  
   2.2655515402    28856.65489  
   2.2682482585    28914.74356  
   2.2709499867    28972.68775  
   2.2736567544    29030.48673  
   2.2763685908    29088.13976  
   2.2790855259    29145.64611  
   2.2818075894    29203.00505  
   2.2845348115    29260.21584  
   2.2872672224    29317.27771  
   2.2900048527    29374.18993  
   2.2927477329    29430.95173  
   2.2954958941    29487.56234  
   2.2982493672    29544.02101  
   2.3010081836    29600.32695  
   2.3037723748    29656.47938  
   2.3065419725    29712.47753  
   2.3093170086    29768.32060  
   2.3120975151    29824.00780  
   2.3148835246    29879.53833  
   2.3176750695    29934.91139  
   2.3204721825    29990.12616  
   2.3232748968    30045.18183  
   2.3260832456    30100.07758  
   2.3288972622    30154.81258  
   2.3317169804    30209.38601  
   2.3345424340    30263.79703  
   2.3373736573    30318.04480  
   2.3402106846    30372.12847  
   2.3430535505    30426.04720  
   2.3459022899    30479.80012  
   2.3487569378    30533.38638  
   2.3516175297    30586.80511  
   2.3544841010    30640.05545  
   2.3573566877    30693.13650  
   2.3602353258    30746.04740  
   2.3631200517    30798.78726  
   2.3660109019    30851.35519  
   2.3689079134    30903.75029  
   2.3718111233    30955.97167  
   2.3747205689    31008.01841  
   2.3776362879    31059.88961  
   2.3805583183    31111.58436  
   2.3834866982    31163.10174  
   2.3864214661    31214.44082  
   2.3893626609    31265.60067  
   2.3923103214    31316.58038  
   2.3952644871    31367.37898  
   2.3982251976    31417.99556  
   2.4011924928    31468.42916  
   2.4041664128    31518.67883  
   2.4071469982    31568.74362  
   2.4101342898    31618.62257  
   2.4131283286    31668.31473  
   2.4161291561    31717.81912  
   2.4191368140    31767.13479  
   2.4221513443    31816.26075  
   2.4251727894    31865.19603  
   2.4282011920    31913.93966  
   2.4312365949    31962.49065  
   2.4342790417    32010.84801  
   2.4373285758    32059.01076  
   2.4403852412    32106.97791  
   2.4434490824    32154.74845  
   2.4465201439    32202.32141  
   2.4495984708    32249.69576  
   2.4526841083    32296.87053  
   2.4557771023    32343.84469  
   2.4588774988    32390.61725  
   2.4619853441    32437.18719  
   2.4651006851    32483.55351  
   2.4682235689    32529.71519  
   2.4713540431    32575.67123  
   2.4744921554    32621.42060  
   2.4776379544    32666.96230  
   2.4807914885    32712.29531  
   2.4839528068    32757.41860  
   2.4871219588    32802.33117  
   2.4902989943    32847.03199  
   2.4934839635    32891.52006  
   2.4966769172    32935.79434  
   2.4998779063    32979.85382  
   2.5030869823    33023.69750  
   2.5063041971    33067.32434  
   2.5095296031    33110.73334  
   2.5127632529    33153.92348  
   2.5160051998    33196.89375  
   2.5192554974    33239.64314  
   2.5225141996    33282.17065  
   2.5257813611    33324.47526  
   2.5290570369    33366.55597  
   2.5323412822    33408.41178  
   2.5356341530    33450.04170  
   2.5389357057    33491.44473  
   2.5422459971    33532.61989  
   2.5455650844    33573.56617  
   2.5488930256    33614.28261  
   2.5522298788    33654.76822  
   2.5555757029    33695.02204  
   2.5589305572    33735.04310  
   2.5622945014    33774.83042  
   2.5656675959    33814.38307  
   2.5690499014    33853.70009  
   2.5724414795    33892.78054  
   2.5758423918    33931.62348  
   2.5792527010    33970.22799  
   2.5826724699    34008.59314  
   2.5861017621    34046.71803  
   2.5895406416    34084.60174  
   2.5929891732    34122.24339  
   2.5964474221    34159.64209  
   2.5999154540    34196.79697  
   2.6033933354    34233.70715  
   2.6068811332    34270.37180  
   2.6103789151    34306.79005  
   2.6138867492    34342.96108  
   2.6174047043    34378.88407  
   2.6209328499    34414.55821  
   2.6244712560    34449.98270  
   2.6280199934    34485.15676  
   2.6315791333    34520.07963  
   2.6351487478    34554.75055  
   2.6387289095    34589.16877  
   2.6423196918    34623.33358  
   2.6459211686    34657.24426  
   2.6495334147    34690.90012  
   2.6531565055    34724.30048  
   2.6567905171    34757.44468  
   2.6604355262    34790.33208  
   2.6640916104    34822.96205  
   2.6677588479    34855.33398  
   2.6714373178    34887.44729  
   2.6751270998    34919.30141  
   2.6788282744    34950.89579  
   2.6825409229    34982.22989  
   2.6862651274    35013.30322  
   2.6900009706    35044.11528  
   2.6937485363    35074.66561  
   2.6975079088    35104.95377  
   2.7012791735    35134.97933  
   2.7050624164    35164.74191  
   2.7088577246    35194.24112  
   2.7126651857    35223.47662  
   2.7164848885    35252.44809  
   2.7203169225    35281.15523  
   2.7241613781    35309.59776  
   2.7280183466    35337.77545  
   2.7318879202    35365.68806  
   2.7357701921    35393.33541  
   2.7396652564    35420.71733  
   2.7435732080    35447.83370  
   2.7474941431    35474.68439  
   2.7514281584    35501.26934  
   2.7553753521    35527.58849  
   2.7593358229    35553.64183  
   2.7633096709    35579.42936  
   2.7672969971    35604.95114  
   2.7712979034    35630.20723  
   2.7753124930    35655.19774  
   2.7793408699    35679.92281  
   2.7833831394    35704.38261  
   2.7874394079    35728.57735  
   2.7915097827    35752.50725  
   2.7955943724    35776.17260  
   2.7996932867    35799.57370  
   2.8038066365    35822.71088  
   2.8079345338    35845.58453  
   2.8120770919    35868.19504  
   2.8162344253    35890.54286  
   2.8204066495    35912.62848  
   2.8245938815    35934.45241  
   2.8287962396    35956.01520  
   2.8330138431    35977.31744  
   2.8372468128    35998.35976  
   2.8414952709    36019.14281  
   2.8457593406    36039.66729  
   2.8500391469    36059.93393  
   2.8543348159    36079.94352  
   2.8586464750    36099.69686  
   2.8629742533    36119.19479  
   2.8673182812    36138.43820  
   2.8716786905    36157.42802  
   2.8760556146    36176.16519  
   2.8804491882    36194.65072  
   2.8848595479    36212.88563  
   2.8892868315    36230.87100  
   2.8937311784    36248.60794  
   2.8981927298    36266.09759  
   2.9026716284    36283.34114  
   2.9071680184    36300.33979  
   2.9116820460    36317.09481  
   2.9162138588    36333.60749  
   2.9207636062    36349.87914  
   2.9253314394    36365.91115  
   2.9299175114    36381.70490  
   2.9345219769    36397.26183  
   2.9391449924    36412.58341  
   2.9437867164    36427.67113  
   2.9484473092    36442.52654  
   2.9531269331    36457.15121  
   2.9578257521    36471.54673  
   2.9625439324    36485.71475  
   2.9672816423    36499.65694  
   2.9720390519    36513.37499  
   2.9768163334    36526.87062  
   2.9816136613    36540.14561  
   2.9864312121    36553.20175  
   2.9912691643    36566.04084  
   2.9961276991    36578.66475  
   3.0010069994    36591.07534  
   3.0059072507    36603.27451  
   3.0108286408    36615.26420  
