  =============================
           J =   0.5
           v   energy
           0    1841.757
           1    5370.698
           2    8722.262
           3   11895.601
           4   14888.321
           5   17696.398
           6   20314.032
           7   22733.282
           8   24943.448
           9   26930.061
          10   28673.419
          11   30146.620
          12   31313.814
          13   32132.867
          14   32577.449
          15   32685.042
          16   32693.985
          17   32710.123
          18   32733.207
          19   32762.779
          20   32798.493
          21   32840.127
          22   32887.527
          23   32940.572
          24   32999.154
  =============================
           J =   1.5
           v   energy
           0    1896.598
           1    5423.345
           2    8772.719
           3   11943.859
           4   14934.350
           5   17740.147
           6   20355.425
           7   22772.209
           8   24979.750
           9   26963.515
          10   28703.700
          11   30173.245
          12   31336.061
          13   32149.713
          14   32587.648
          15   32686.767
          16   32696.135
          17   32712.390
          18   32735.595
          19   32765.309
          20   32801.165
          21   32842.935
          22   32890.462
          23   32943.626
          24   33002.320
  =============================
           J =   2.5
           v   energy
           0    1987.926
           1    5511.015
           2    8856.742
           3   12024.215
           4   15010.992
           5   17812.990
           6   20424.339
           7   22837.009
           8   25040.174
           9   27019.186
          10   28754.070
          11   30217.503
          12   31372.991
          13   32177.584
          14   32604.302
          15   32689.289
          16   32699.624
          17   32716.190
          18   32739.607
          19   32769.550
          20   32805.640
          21   32847.634
          22   32895.371
          23   32948.731
  =============================
           J =   3.5
           v   energy
           0    2115.628
           1    5633.599
           2    8974.221
           3   12136.563
           4   15118.138
           5   17914.816
           6   20520.663
           7   22927.568
           8   25124.597
           9   27096.940
          10   28824.381
          11   30279.219
          12   31424.379
          13   32216.167
          14   32626.855
          15   32692.360
          16   32704.199
          17   32721.471
          18   32745.264
          19   32775.533
          20   32811.946
          21   32854.249
          22   32902.277
          23   32955.909
  =============================
           J =   4.5
           v   energy
           0    2279.547
           1    5790.943
           2    9125.003
           3   12280.749
           4   15255.638
           5   18045.472
           6   20644.240
           7   23043.725
           8   25232.848
           9   27196.594
          10   28914.425
          11   30358.143
          12   31489.905
          13   32265.006
          14   32654.426
          15   32695.876
          16   32709.564
          17   32728.066
          18   32752.544
          19   32783.288
          20   32820.121
          21   32862.817
          22   32911.213
          23   32965.191
  =============================
           J =   5.5
           v   energy
           0    2479.483
           1    5982.847
           2    9308.893
           3   12456.580
           4   15423.296
           5   18204.763
           6   20794.870
           7   23185.271
           8   25364.710
           9   27317.909
          10   29023.932
          11   30453.953
          12   31569.149
          13   32323.497
          14   32685.576
          15   32699.831
          16   32715.580
          17   32735.801
          18   32761.393
          19   32792.837
          20   32830.209
          21   32873.383
          22   32922.222
          23   32976.615
  =============================
           J =   6.5
           v   energy
           0    2715.190
           1    6209.072
           2    9525.652
           3   12663.818
           4   15620.875
           5   18392.448
           6   20972.308
           7   23351.954
           8   25519.913
           9   27460.593
          10   29152.569
          11   30566.246
          12   31661.582
          13   32390.855
          14   32704.120
          15   32717.004
          16   32723.099
          17   32744.941
          18   32771.896
          19   32804.253
          20   32842.282
          21   32886.012
          22   32935.360
          23   32990.231
  =============================
           J =   7.5
           v   energy
           0    2986.381
           1    6469.333
           2    9774.999
           3   12902.184
           4   15848.096
           5   18608.245
           6   21176.264
           7   23543.472
           8   25698.140
           9   27624.297
          10   29299.938
          11   30694.538
          12   31766.559
          13   32466.084
          14   32708.875
          15   32727.702
          16   32745.479
          17   32759.305
          18   32784.944
          19   32817.848
          20   32856.503
          21   32900.811
          22   32950.706
  =============================
           J =   8.5
           v   energy
           0    3292.725
           1    6763.304
           2   10056.613
           3   13171.357
           4   16104.635
           5   18851.828
           6   21406.407
           7   23759.480
           8   25899.020
           9   27808.616
          10   29465.575
          11   30838.257
          12   31883.298
          13   32547.907
          14   32714.062
          15   32735.153
          16   32758.082
          17   32779.933
          18   32802.939
          19   32834.455
          20   32873.210
          21   32917.960
          22   32968.378
  =============================
           J =   9.5
           v   energy
           0    3633.849
           1    7090.618
           2   10370.128
           3   13470.974
           4   16390.130
           5   19122.828
           6   21662.358
           7   23999.583
           8   26122.135
           9   28013.089
          10   29648.942
          11   30996.731
          12   32010.865
          13   32634.653
          14   32719.659
          15   32742.863
          16   32768.456
          17   32795.481
          18   32822.980
          19   32854.379
          20   32892.743
          21   32937.669
          22   32988.515
  =============================
           J =  10.5
           v   energy
           0    4009.339
           1    7450.866
           2   10715.140
           3   13800.633
           4   16704.175
           5   19420.835
           6   21943.695
           7   24263.342
           8   26367.014
           9   28237.191
          10   29849.427
          11   31169.186
          12   32148.142
          13   32723.962
          14   32725.665
          15   32750.965
          16   32778.762
          17   32808.938
          18   32840.847
          19   32875.286
          20   32914.577
          21   32959.901
  =============================
           J =  11.5
           v   energy
           0    4418.740
           1    7843.600
           2   11091.205
           3   14159.889
           4   17046.325
           5   19745.397
           6   22249.953
           7   24550.269
           8   26633.131
           9   28480.336
          10   30066.337
          11   31354.724
          12   32293.782
          13   32732.079
          14   32759.482
          15   32789.390
          16   32811.462
          17   32822.413
          18   32857.644
          19   32895.688
          20   32937.470
          21   32984.139
  =============================
           J =  12.5
           v   energy
           0    4861.557
           1    8268.332
           2   11497.838
           3   14548.260
           4   17416.095
           5   20096.020
           6   22580.623
           7   24859.827
           8   26919.907
           9   28741.873
          10   30298.890
          11   31552.310
          12   32446.137
          13   32738.899
          14   32768.428
          15   32800.280
          16   32834.801
          17   32870.700
          18   32893.261
          19   32919.033
          20   32961.937
  =============================
           J =  13.5
           v   energy
           0    5337.257
           1    8724.534
           2   11934.518
           3   14965.223
           4   17812.956
           5   20472.166
           6   22935.149
           7   25191.432
           8   27226.707
           9   29021.077
          10   30546.206
          11   31760.744
          12   32603.135
          13   32746.123
          14   32777.799
          15   32811.664
          16   32848.318
          17   32887.426
          18   32927.263
          19   32962.491
          20   32995.625
  =============================
           J =  14.5
           v   energy
           0    5845.270
           1    9211.644
           2   12400.683
           3   15410.219
           4   18236.346
           5   20873.260
           6   23312.935
           7   25544.450
           8   27552.835
           9   29317.151
          10   30807.292
          11   31978.622
          12   32762.027
          13   32753.750
          14   32787.596
          15   32823.472
          16   32862.152
          17   32903.591
          18   32947.175
          19   32991.428
  =============================
           J =  15.5
           v   energy
           0    6384.988
           1    9729.060
           2   12895.737
           3   15882.649
           4   18685.658
           5   21298.682
           6   23713.335
           7   25918.193
           8   27897.535
           9   29629.214
          10   31081.032
          11   32204.282
          12   32761.777
          13   32797.818
          14   32835.711
          15   32876.380
          16   32918.647
          17   32919.969
          18   32966.142
  =============================
           J =  16.5
           v   energy
           0    6955.766
           1   10276.147
           2   13419.047
           3   16381.879
           4   19160.250
           5   21747.773
           6   24135.660
           7   26311.924
           8   28259.984
           9   29956.293
          10   31366.154
          11   32435.714
          12   32770.204
          13   32808.461
          14   32848.384
          15   32891.029
          16   32936.609
          17   32984.955
  =============================
           J =  17.5
           v   energy
           0    7556.928
           1   10852.232
           2   13969.944
           3   16907.236
           4   19659.440
           5   22219.831
           6   24579.174
           7   26724.848
           8   28639.288
           9   30297.310
          10   31661.204
          11   32670.405
          12   32779.028
          13   32819.526
          14   32861.490
          15   32906.108
          16   32953.678
  =============================
           J =  18.5
           v   energy
           0    8187.761
           1   11456.611
           2   14547.725
           3   17458.014
           4   20182.508
           5   22714.112
           6   25043.094
           7   27156.112
           8   29034.474
           9   30651.071
          10   31964.497
          11   32788.249
          12   32831.010
          13   32875.030
          14   32905.030
          15   32921.624
          16   32971.160
  =============================
           J =  19.5
           v   energy
           0    8847.522
           1   12088.547
           2   15151.653
           3   18033.471
           4   20728.698
           5   23229.831
           6   25526.585
           7   27604.802
           8   29444.485
           9   31016.239
          10   32274.042
          11   32797.865
          12   32842.911
          13   32889.001
          14   32937.577
          15   32989.069
  =============================
           J =  20.5
           v   energy
           0    9535.435
           1   12747.270
           2   15780.959
           3   18632.827
           4   21297.212
           5   23766.160
           6   26028.763
           7   28069.936
           8   29868.166
           9   31391.307
          10   32587.420
          11   32807.875
          12   32855.228
          13   32903.402
          14   32953.968
